0 0.13616071428571427 0.7589285714285714 0.03125 0.0625
0 0.09151785714285714 0.5892857142857143 0.03125 0.08035714285714285
0 0.024553571428571428 0.44419642857142855 0.02232142857142857 0.05803571428571428
0 0.15178571428571427 0.3571428571428571 0.026785714285714284 0.0625
0 0.24330357142857142 0.46875 0.03125 0.05357142857142857
0 0.4375 0.35044642857142855 0.026785714285714284 0.040178571428571425
0 0.27678571428571425 0.3058035714285714 0.04464285714285714 0.040178571428571425
0 0.08705357142857142 0.328125 0.02232142857142857 0.06696428571428571
0 0.21875 0.23214285714285712 0.026785714285714284 0.04464285714285714
0 0.41741071428571425 0.24107142857142855 0.040178571428571425 0.05357142857142857
0 0.5915178571428571 0.203125 0.02232142857142857 0.049107142857142856
0 0.08258928571428571 0.24330357142857142 0.03125 0.05803571428571428
0 0.15401785714285712 0.19419642857142855 0.02232142857142857 0.040178571428571425
0 0.055803571428571425 0.15401785714285712 0.03125 0.049107142857142856
0 0.04241071428571428 0.10714285714285714 0.03125 0.05357142857142857
0 0.0625 0.05803571428571428 0.026785714285714284 0.05357142857142857
0 0.234375 0.033482142857142856 0.03125 0.040178571428571425
0 0.17857142857142855 0.08258928571428571 0.017857142857142856 0.05803571428571428
0 0.4196428571428571 0.03794642857142857 0.017857142857142856 0.049107142857142856
0 0.37053571428571425 0.09598214285714285 0.026785714285714284 0.049107142857142856
0 0.30357142857142855 0.125 0.026785714285714284 0.03571428571428571
0 0.3169642857142857 0.1919642857142857 0.026785714285714284 0.03571428571428571
0 0.47098214285714285 0.140625 0.02232142857142857 0.040178571428571425
0 0.5111607142857143 0.09375 0.03125 0.05357142857142857
0 0.7254464285714285 0.05357142857142857 0.02232142857142857 0.03571428571428571
