0 0.13839285714285712 0.5223214285714285 0.05357142857142857 0.125
0 0.2745535714285714 0.5401785714285714 0.07589285714285714 0.125
0 0.375 0.5133928571428571 0.03571428571428571 0.09821428571428571
0 0.4508928571428571 0.5558035714285714 0.05357142857142857 0.11160714285714285
0 0.4888392857142857 0.5245535714285714 0.040178571428571425 0.09375
0 0.5669642857142857 0.5491071428571428 0.026785714285714284 0.15178571428571427
0 0.5982142857142857 0.5290178571428571 0.04464285714285714 0.12053571428571427
0 0.6897321428571428 0.5691964285714285 0.05803571428571428 0.13839285714285712
0 0.7834821428571428 0.5491071428571428 0.040178571428571425 0.125
0 0.8816964285714285 0.5602678571428571 0.049107142857142856 0.13839285714285712
