0 0.040178571428571425 0.8772321428571428 0.017857142857142856 0.040178571428571425
0 0.10491071428571427 0.8683035714285714 0.049107142857142856 0.06696428571428571
0 0.18526785714285712 0.8549107142857142 0.03125 0.08482142857142856
0 0.25223214285714285 0.8772321428571428 0.040178571428571425 0.049107142857142856
0 0.33482142857142855 0.8928571428571428 0.03571428571428571 0.05357142857142857
0 0.3839285714285714 0.8816964285714285 0.026785714285714284 0.040178571428571425
0 0.4665178571428571 0.8883928571428571 0.03125 0.04464285714285714
0 0.5334821428571428 0.8839285714285714 0.040178571428571425 0.05357142857142857
0 0.6741071428571428 0.8616071428571428 0.03571428571428571 0.09821428571428571
0 0.7589285714285714 0.8861607142857142 0.04464285714285714 0.05803571428571428
0 0.8415178571428571 0.8839285714285714 0.05803571428571428 0.08035714285714285
0 0.9419642857142857 0.8816964285714285 0.03571428571428571 0.07589285714285714
0 0.921875 0.6361607142857143 0.049107142857142856 0.09375
0 0.8258928571428571 0.6651785714285714 0.08035714285714285 0.03571428571428571
0 0.7611607142857142 0.6272321428571428 0.03125 0.09375
0 0.65625 0.6361607142857143 0.04464285714285714 0.05803571428571428
0 0.5825892857142857 0.6383928571428571 0.040178571428571425 0.08035714285714285
0 0.5111607142857143 0.6919642857142857 0.049107142857142856 0.07142857142857142
0 0.42857142857142855 0.6473214285714285 0.026785714285714284 0.05357142857142857
0 0.33482142857142855 0.6450892857142857 0.03571428571428571 0.10267857142857142
0 0.2232142857142857 0.6517857142857143 0.03571428571428571 0.07142857142857142
0 0.16964285714285712 0.6651785714285714 0.05357142857142857 0.0625
0 0.078125 0.6763392857142857 0.03125 0.049107142857142856
0 0.9241071428571428 0.45535714285714285 0.0625 0.0625
0 0.8459821428571428 0.47991071428571425 0.049107142857142856 0.02232142857142857
0 0.7299107142857142 0.44419642857142855 0.049107142857142856 0.07589285714285714
0 0.6763392857142857 0.44866071428571425 0.03125 0.07589285714285714
0 0.5892857142857143 0.43973214285714285 0.03571428571428571 0.09375
0 0.5267857142857143 0.43973214285714285 0.05357142857142857 0.07589285714285714
0 0.4508928571428571 0.4888392857142857 0.026785714285714284 0.02232142857142857
0 0.4040178571428571 0.453125 0.049107142857142856 0.08482142857142856
0 0.3125 0.46875 0.04464285714285714 0.05357142857142857
0 0.23660714285714285 0.45535714285714285 0.04464285714285714 0.07142857142857142
0 0.1607142857142857 0.4665178571428571 0.04464285714285714 0.05803571428571428
0 0.05803571428571428 0.4575892857142857 0.03571428571428571 0.07589285714285714
0 0.04464285714285714 0.21875 0.03571428571428571 0.09821428571428571
0 0.13169642857142858 0.26116071428571425 0.05803571428571428 0.049107142857142856
0 0.22098214285714285 0.23214285714285712 0.03125 0.08928571428571427
0 0.3214285714285714 0.24553571428571427 0.05357142857142857 0.03571428571428571
0 0.40625 0.25669642857142855 0.0625 0.040178571428571425
0 0.4665178571428571 0.22098214285714285 0.03125 0.08482142857142856
0 0.5379464285714285 0.24107142857142855 0.049107142857142856 0.0625
0 0.6294642857142857 0.26339285714285715 0.03571428571428571 0.03571428571428571
0 0.71875 0.22544642857142855 0.03571428571428571 0.08482142857142856
0 0.796875 0.24107142857142855 0.049107142857142856 0.07142857142857142
0 0.8727678571428571 0.25 0.02232142857142857 0.0625
0 0.9330357142857142 0.24553571428571427 0.04464285714285714 0.08035714285714285
0 0.9464285714285714 0.09151785714285714 0.03571428571428571 0.03125
0 0.8549107142857142 0.06919642857142856 0.049107142857142856 0.040178571428571425
0 0.7678571428571428 0.08035714285714285 0.04464285714285714 0.04464285714285714
0 0.7008928571428571 0.08258928571428571 0.04464285714285714 0.05803571428571428
0 0.6227678571428571 0.08258928571428571 0.049107142857142856 0.03125
0 0.5245535714285714 0.07589285714285714 0.03125 0.04464285714285714
0 0.4308035714285714 0.06473214285714285 0.049107142857142856 0.06696428571428571
0 0.36160714285714285 0.07589285714285714 0.03571428571428571 0.04464285714285714
0 0.28348214285714285 0.04241071428571428 0.03125 0.08482142857142856
0 0.21205357142857142 0.04241071428571428 0.03125 0.07589285714285714
0 0.13169642857142858 0.04241071428571428 0.040178571428571425 0.08482142857142856
0 0.05133928571428571 0.06473214285714285 0.040178571428571425 0.040178571428571425
