0 0.1763392857142857 0.7276785714285714 0.040178571428571425 0.07142857142857142
0 0.5558035714285714 0.703125 0.03125 0.14732142857142858
0 0.6696428571428571 0.671875 0.05357142857142857 0.06696428571428571
0 0.4107142857142857 0.6696428571428571 0.04464285714285714 0.08928571428571427
0 0.34598214285714285 0.6383928571428571 0.040178571428571425 0.07142857142857142
0 0.06919642857142856 0.7053571428571428 0.040178571428571425 0.04464285714285714
0 0.16741071428571427 0.6227678571428571 0.08482142857142856 0.1294642857142857
0 0.2857142857142857 0.6004464285714285 0.04464285714285714 0.06696428571428571
0 0.3794642857142857 0.59375 0.03571428571428571 0.07142857142857142
0 0.4575892857142857 0.5803571428571428 0.06696428571428571 0.08928571428571427
0 0.5669642857142857 0.5848214285714285 0.05357142857142857 0.10714285714285714
0 0.6607142857142857 0.5803571428571428 0.07142857142857142 0.08928571428571427
0 0.7767857142857142 0.6004464285714285 0.08035714285714285 0.10267857142857142
0 0.8950892857142857 0.6651785714285714 0.040178571428571425 0.04464285714285714
0 0.9508928571428571 0.6383928571428571 0.03571428571428571 0.0625
