0 0.10714285714285714 0.78125 0.05357142857142857 0.08928571428571427
0 0.34151785714285715 0.6629464285714285 0.049107142857142856 0.11160714285714285
0 0.45535714285714285 0.7589285714285714 0.03571428571428571 0.08928571428571427
0 0.546875 0.6361607142857143 0.040178571428571425 0.12053571428571427
0 0.7544642857142857 0.8214285714285714 0.07142857142857142 0.14285714285714285
0 0.921875 0.7678571428571428 0.06696428571428571 0.08928571428571427
0 0.7834821428571428 0.6785714285714285 0.040178571428571425 0.08035714285714285
0 0.8415178571428571 0.5625 0.040178571428571425 0.05357142857142857
0 0.9553571428571428 0.45982142857142855 0.03571428571428571 0.08035714285714285
0 0.8258928571428571 0.40848214285714285 0.026785714285714284 0.049107142857142856
0 0.6741071428571428 0.4263392857142857 0.03571428571428571 0.10267857142857142
0 0.9464285714285714 0.25223214285714285 0.03571428571428571 0.08482142857142856
0 0.8080357142857142 0.18303571428571427 0.04464285714285714 0.0625
0 0.8526785714285714 0.10491071428571427 0.03571428571428571 0.049107142857142856
0 0.9263392857142857 0.140625 0.040178571428571425 0.06696428571428571
0 0.703125 0.08035714285714285 0.040178571428571425 0.04464285714285714
0 0.39285714285714285 0.04464285714285714 0.04464285714285714 0.05357142857142857
