0 0.13392857142857142 0.5066964285714285 0.026785714285714284 0.03125
0 0.21428571428571427 0.5848214285714285 0.026785714285714284 0.04464285714285714
0 0.33928571428571425 0.5424107142857143 0.026785714285714284 0.040178571428571425
0 0.31473214285714285 0.4375 0.040178571428571425 0.08928571428571427
0 0.48660714285714285 0.45535714285714285 0.04464285714285714 0.11607142857142856
0 0.6339285714285714 0.5357142857142857 0.04464285714285714 0.07142857142857142
0 0.5982142857142857 0.4352678571428571 0.03571428571428571 0.040178571428571425
0 0.703125 0.5111607142857143 0.02232142857142857 0.03125
0 0.8482142857142857 0.453125 0.026785714285714284 0.049107142857142856
0 0.8772321428571428 0.53125 0.03125 0.07142857142857142
