0 0.05357142857142857 0.26785714285714285 0.03571428571428571 0.14285714285714285
0 0.1294642857142857 0.2388392857142857 0.03571428571428571 0.12053571428571427
0 0.2232142857142857 0.2388392857142857 0.03571428571428571 0.17410714285714285
0 0.3214285714285714 0.27232142857142855 0.05357142857142857 0.15178571428571427
0 0.4196428571428571 0.28348214285714285 0.03571428571428571 0.12053571428571427
0 0.4665178571428571 0.3169642857142857 0.040178571428571425 0.15178571428571427
0 0.5491071428571428 0.3482142857142857 0.04464285714285714 0.07142857142857142
0 0.5736607142857143 0.25 0.03125 0.16964285714285712
0 0.6875 0.3169642857142857 0.04464285714285714 0.09821428571428571
0 0.7678571428571428 0.26116071428571425 0.04464285714285714 0.24553571428571427
0 0.8549107142857142 0.31919642857142855 0.040178571428571425 0.08482142857142856
0 0.9642857142857142 0.2745535714285714 0.03571428571428571 0.17410714285714285
