0 0.171875 0.859375 0.08482142857142856 0.11160714285714285
0 0.484375 0.7544642857142857 0.07589285714285714 0.11607142857142856
0 0.6808035714285714 0.6272321428571428 0.049107142857142856 0.08482142857142856
0 0.7433035714285714 0.49553571428571425 0.05803571428571428 0.07142857142857142
0 0.7232142857142857 0.390625 0.04464285714285714 0.06696428571428571
0 0.6741071428571428 0.3058035714285714 0.03571428571428571 0.05803571428571428
0 0.6696428571428571 0.2388392857142857 0.026785714285714284 0.040178571428571425
0 0.7008928571428571 0.18973214285714285 0.017857142857142856 0.040178571428571425
0 0.7299107142857142 0.14732142857142858 0.02232142857142857 0.026785714285714284
0 0.7544642857142857 0.11160714285714285 0.026785714285714284 0.026785714285714284
