0 0.6651785714285714 0.6941964285714285 0.09821428571428571 0.2544642857142857
0 0.25223214285714285 0.6964285714285714 0.10267857142857142 0.23214285714285712
0 0.4419642857142857 0.5491071428571428 0.08035714285714285 0.16964285714285712
0 0.13616071428571427 0.453125 0.07589285714285714 0.20982142857142855
0 0.3169642857142857 0.36607142857142855 0.08035714285714285 0.15178571428571427
0 0.6272321428571428 0.3950892857142857 0.049107142857142856 0.17410714285714285
0 0.9486607142857142 0.5558035714285714 0.08482142857142856 0.24553571428571427
0 0.9732142857142857 0.375 0.04464285714285714 0.1607142857142857
0 0.9263392857142857 0.21875 0.07589285714285714 0.13392857142857142
0 0.7834821428571428 0.27232142857142855 0.10267857142857142 0.17857142857142855
0 0.5446428571428571 0.24776785714285712 0.07142857142857142 0.14732142857142858
0 0.24553571428571427 0.19642857142857142 0.0625 0.125
0 0.049107142857142856 0.31026785714285715 0.08035714285714285 0.17410714285714285
0 0.1607142857142857 0.24776785714285712 0.07142857142857142 0.13839285714285712
0 0.4352678571428571 0.234375 0.07589285714285714 0.09375
0 0.6607142857142857 0.265625 0.07142857142857142 0.09375
