0 0.12053571428571427 0.6696428571428571 0.05357142857142857 0.08035714285714285
0 0.21875 0.6584821428571428 0.05357142857142857 0.08482142857142856
0 0.33482142857142855 0.6629464285714285 0.04464285714285714 0.06696428571428571
0 0.4308035714285714 0.65625 0.05803571428571428 0.08928571428571427
0 0.546875 0.6584821428571428 0.040178571428571425 0.10267857142857142
0 0.6428571428571428 0.65625 0.03571428571428571 0.07142857142857142
0 0.7455357142857142 0.6517857142857143 0.04464285714285714 0.08035714285714285
0 0.8660714285714285 0.6584821428571428 0.03571428571428571 0.07589285714285714
0 0.8861607142857142 0.8370535714285714 0.040178571428571425 0.05803571428571428
0 0.6517857142857143 0.8415178571428571 0.03571428571428571 0.049107142857142856
0 0.53125 0.8549107142857142 0.04464285714285714 0.049107142857142856
0 0.29241071428571425 0.8504464285714285 0.040178571428571425 0.05803571428571428
0 0.12723214285714285 0.859375 0.049107142857142856 0.049107142857142856
