0 0.35491071428571425 0.43973214285714285 0.06696428571428571 0.21875
0 0.5691964285714285 0.19419642857142855 0.06696428571428571 0.12053571428571427
0 0.71875 0.15401785714285712 0.0625 0.08482142857142856
0 0.8482142857142857 0.07366071428571429 0.09821428571428571 0.14732142857142858
0 0.6227678571428571 0.06473214285714285 0.10267857142857142 0.1294642857142857
0 0.5200892857142857 0.09375 0.049107142857142856 0.08035714285714285
0 0.4464285714285714 0.06919642857142856 0.04464285714285714 0.07589285714285714
0 0.328125 0.11830357142857142 0.040178571428571425 0.09375
0 0.25 0.078125 0.05357142857142857 0.09375
0 0.15178571428571427 0.04241071428571428 0.05357142857142857 0.08482142857142856
0 0.08035714285714285 0.10491071428571427 0.04464285714285714 0.08482142857142856
0 0.011160714285714284 0.078125 0.02232142857142857 0.08482142857142856
