0 0.703125 0.7834821428571428 0.049107142857142856 0.07589285714285714
0 0.859375 0.7544642857142857 0.040178571428571425 0.0625
0 0.5022321428571428 0.7142857142857142 0.03125 0.08928571428571427
0 0.31473214285714285 0.75 0.03125 0.13392857142857142
0 0.26339285714285715 0.7120535714285714 0.03571428571428571 0.040178571428571425
0 0.03571428571428571 0.6852678571428571 0.05357142857142857 0.08482142857142856
0 0.20089285714285712 0.6361607142857143 0.04464285714285714 0.08482142857142856
0 0.3370535714285714 0.6205357142857143 0.08482142857142856 0.08035714285714285
0 0.453125 0.6741071428571428 0.03125 0.07142857142857142
0 0.4375 0.6160714285714285 0.04464285714285714 0.0625
0 0.40178571428571425 0.6495535714285714 0.03571428571428571 0.05803571428571428
0 0.5379464285714285 0.6183035714285714 0.05803571428571428 0.07589285714285714
0 0.59375 0.6785714285714285 0.04464285714285714 0.08928571428571427
0 0.7053571428571428 0.6428571428571428 0.03571428571428571 0.0625
0 0.7790178571428571 0.6696428571428571 0.040178571428571425 0.05357142857142857
0 0.8370535714285714 0.6428571428571428 0.040178571428571425 0.0625
0 0.8125 0.7053571428571428 0.04464285714285714 0.04464285714285714
