0 0.8102678571428571 0.5892857142857143 0.040178571428571425 0.08035714285714285
0 0.9732142857142857 0.6607142857142857 0.026785714285714284 0.04464285714285714
0 0.6674107142857143 0.484375 0.03125 0.08482142857142856
0 0.6205357142857143 0.4151785714285714 0.03571428571428571 0.0625
0 0.7008928571428571 0.33482142857142855 0.03571428571428571 0.08035714285714285
0 0.5111607142857143 0.34598214285714285 0.040178571428571425 0.07589285714285714
0 0.46875 0.453125 0.03571428571428571 0.08482142857142856
0 0.37053571428571425 0.3794642857142857 0.03571428571428571 0.05357142857142857
0 0.22544642857142855 0.453125 0.040178571428571425 0.05803571428571428
0 0.049107142857142856 0.4196428571428571 0.03571428571428571 0.0625
0 0.013392857142857142 0.328125 0.026785714285714284 0.07589285714285714
0 0.13839285714285712 0.27232142857142855 0.04464285714285714 0.05357142857142857
0 0.265625 0.234375 0.049107142857142856 0.08482142857142856
0 0.17410714285714285 0.34598214285714285 0.03571428571428571 0.09375
0 0.33482142857142855 0.328125 0.03571428571428571 0.05803571428571428
0 0.4419642857142857 0.2544642857142857 0.04464285714285714 0.07142857142857142
