0 0.5825892857142857 0.8415178571428571 0.06696428571428571 0.17410714285714285
0 0.75 0.7767857142857142 0.08035714285714285 0.08928571428571427
0 0.890625 0.5870535714285714 0.05803571428571428 0.10267857142857142
0 0.11607142857142856 0.6540178571428571 0.05357142857142857 0.13839285714285712
0 0.29910714285714285 0.6339285714285714 0.05357142857142857 0.0625
0 0.41741071428571425 0.53125 0.05803571428571428 0.08035714285714285
0 0.578125 0.4665178571428571 0.06696428571428571 0.08482142857142856
0 0.6852678571428571 0.3482142857142857 0.05803571428571428 0.09821428571428571
0 0.78125 0.3013392857142857 0.0625 0.10267857142857142
0 0.9330357142857142 0.2745535714285714 0.08035714285714285 0.11160714285714285
0 0.7857142857142857 0.08258928571428571 0.07142857142857142 0.12053571428571427
0 0.5714285714285714 0.11160714285714285 0.08035714285714285 0.08928571428571427
0 0.40625 0.1919642857142857 0.0625 0.10714285714285714
0 0.2232142857142857 0.22767857142857142 0.07142857142857142 0.11607142857142856
