0 0.9151785714285714 0.4196428571428571 0.0625 0.14285714285714285
0 0.859375 0.44419642857142855 0.03125 0.12053571428571427
0 0.7700892857142857 0.42410714285714285 0.040178571428571425 0.15178571428571427
0 0.6852678571428571 0.3995535714285714 0.049107142857142856 0.1294642857142857
0 0.6049107142857143 0.40848214285714285 0.049107142857142856 0.13839285714285712
0 0.5491071428571428 0.3950892857142857 0.05357142857142857 0.16517857142857142
0 0.45982142857142855 0.4040178571428571 0.03571428571428571 0.10267857142857142
0 0.390625 0.41741071428571425 0.03125 0.13839285714285712
0 0.33482142857142855 0.44866071428571425 0.05357142857142857 0.11160714285714285
0 0.24330357142857142 0.43303571428571425 0.049107142857142856 0.09821428571428571
0 0.16964285714285712 0.4575892857142857 0.03571428571428571 0.07589285714285714
0 0.06696428571428571 0.43303571428571425 0.05357142857142857 0.13392857142857142
