0 0.6361607142857143 0.8370535714285714 0.040178571428571425 0.040178571428571425
0 0.9151785714285714 0.9553571428571428 0.03571428571428571 0.07142857142857142
0 0.8973214285714285 0.8727678571428571 0.04464285714285714 0.06696428571428571
0 0.9285714285714285 0.7946428571428571 0.026785714285714284 0.04464285714285714
0 0.9151785714285714 0.7276785714285714 0.026785714285714284 0.04464285714285714
0 0.7700892857142857 0.5334821428571428 0.03125 0.1294642857142857
0 0.7879464285714285 0.4375 0.049107142857142856 0.05357142857142857
0 0.7834821428571428 0.3883928571428571 0.03125 0.07142857142857142
0 0.859375 0.4151785714285714 0.03125 0.03571428571428571
0 0.5647321428571428 0.29910714285714285 0.03125 0.08035714285714285
0 0.453125 0.6004464285714285 0.040178571428571425 0.07589285714285714
0 0.625 0.26785714285714285 0.03571428571428571 0.0625
0 0.6674107142857143 0.2232142857142857 0.03125 0.08928571428571427
