0 0.10267857142857142 0.78125 0.04464285714285714 0.08928571428571427
0 0.34151785714285715 0.6741071428571428 0.049107142857142856 0.08928571428571427
0 0.453125 0.7589285714285714 0.040178571428571425 0.08035714285714285
0 0.5424107142857143 0.6205357142857143 0.03125 0.09821428571428571
0 0.7455357142857142 0.8236607142857142 0.05357142857142857 0.12053571428571427
0 0.9241071428571428 0.7611607142857142 0.04464285714285714 0.06696428571428571
0 0.7834821428571428 0.6696428571428571 0.040178571428571425 0.0625
0 0.8459821428571428 0.5602678571428571 0.03125 0.05803571428571428
0 0.9575892857142857 0.45982142857142855 0.03125 0.08035714285714285
0 0.8258928571428571 0.40848214285714285 0.026785714285714284 0.049107142857142856
0 0.6741071428571428 0.42857142857142855 0.03571428571428571 0.09821428571428571
0 0.9397321428571428 0.25223214285714285 0.02232142857142857 0.08482142857142856
0 0.8102678571428571 0.1875 0.040178571428571425 0.05357142857142857
0 0.8526785714285714 0.10491071428571427 0.03571428571428571 0.049107142857142856
0 0.9285714285714285 0.13839285714285712 0.03571428571428571 0.07142857142857142
0 0.7053571428571428 0.078125 0.03571428571428571 0.040178571428571425
0 0.3950892857142857 0.046875 0.040178571428571425 0.049107142857142856
