0 0.13839285714285712 0.6473214285714285 0.03571428571428571 0.1875
0 0.2544642857142857 0.7767857142857142 0.03571428571428571 0.15178571428571427
0 0.3370535714285714 0.7566964285714285 0.013392857142857142 0.07589285714285714
0 0.42410714285714285 0.8035714285714285 0.026785714285714284 0.14285714285714285
0 0.5580357142857143 0.8013392857142857 0.026785714285714284 0.13839285714285712
0 0.7276785714285714 0.7834821428571428 0.026785714285714284 0.17410714285714285
0 0.8459821428571428 0.6473214285714285 0.040178571428571425 0.19642857142857142
0 0.9620535714285714 0.7834821428571428 0.03125 0.12053571428571427
0 0.026785714285714284 0.7946428571428571 0.026785714285714284 0.11607142857142856
0 0.020089285714285712 0.5446428571428571 0.02232142857142857 0.0625
0 0.07366071428571429 0.6584821428571428 0.02232142857142857 0.07589285714285714
0 0.20535714285714285 0.6116071428571428 0.017857142857142856 0.0625
0 0.31026785714285715 0.6361607142857143 0.02232142857142857 0.06696428571428571
0 0.4464285714285714 0.5959821428571428 0.017857142857142856 0.09375
0 0.5357142857142857 0.5825892857142857 0.017857142857142856 0.08482142857142856
0 0.609375 0.53125 0.03125 0.07142857142857142
0 0.671875 0.6227678571428571 0.02232142857142857 0.049107142857142856
0 0.78125 0.6049107142857143 0.026785714285714284 0.05803571428571428
0 0.9129464285714285 0.6517857142857143 0.02232142857142857 0.0625
0 0.9709821428571428 0.5290178571428571 0.02232142857142857 0.05803571428571428
0 0.8816964285714285 0.5066964285714285 0.013392857142857142 0.040178571428571425
0 0.7633928571428571 0.4977678571428571 0.017857142857142856 0.040178571428571425
0 0.7008928571428571 0.515625 0.017857142857142856 0.049107142857142856
0 0.5602678571428571 0.5044642857142857 0.02232142857142857 0.03571428571428571
0 0.49107142857142855 0.5200892857142857 0.017857142857142856 0.049107142857142856
0 0.421875 0.5022321428571428 0.013392857142857142 0.02232142857142857
0 0.37053571428571425 0.5424107142857143 0.017857142857142856 0.05803571428571428
0 0.27678571428571425 0.5245535714285714 0.017857142857142856 0.049107142857142856
0 0.21875 0.5044642857142857 0.017857142857142856 0.04464285714285714
0 0.10267857142857142 0.515625 0.017857142857142856 0.040178571428571425
