0 0.1450892857142857 0.5178571428571428 0.049107142857142856 0.08928571428571427
0 0.22544642857142855 0.4821428571428571 0.049107142857142856 0.14285714285714285
0 0.3883928571428571 0.5200892857142857 0.04464285714285714 0.10267857142857142
0 0.5290178571428571 0.47544642857142855 0.049107142857142856 0.10267857142857142
0 0.5892857142857143 0.5089285714285714 0.04464285714285714 0.04464285714285714
0 0.7522321428571428 0.4040178571428571 0.049107142857142856 0.10267857142857142
0 0.84375 0.31919642857142855 0.03571428571428571 0.07589285714285714
0 0.734375 0.26116071428571425 0.040178571428571425 0.08482142857142856
0 0.5870535714285714 0.22544642857142855 0.040178571428571425 0.06696428571428571
0 0.38169642857142855 0.2075892857142857 0.049107142857142856 0.10267857142857142
0 0.13616071428571427 0.22544642857142855 0.040178571428571425 0.06696428571428571
