0 0.046875 0.6852678571428571 0.03125 0.15625
0 0.27232142857142855 0.7008928571428571 0.03571428571428571 0.15178571428571427
0 0.5758928571428571 0.7008928571428571 0.03571428571428571 0.1875
0 0.9151785714285714 0.7232142857142857 0.05357142857142857 0.15178571428571427
0 0.7946428571428571 0.5491071428571428 0.026785714285714284 0.11607142857142856
0 0.703125 0.375 0.03125 0.13392857142857142
0 0.5022321428571428 0.5245535714285714 0.03125 0.16517857142857142
0 0.27232142857142855 0.5334821428571428 0.017857142857142856 0.13839285714285712
0 0.05803571428571428 0.53125 0.03571428571428571 0.10714285714285714
0 0.08258928571428571 0.421875 0.03125 0.12053571428571427
0 0.2745535714285714 0.29910714285714285 0.02232142857142857 0.09821428571428571
0 0.4352678571428571 0.2388392857142857 0.02232142857142857 0.10267857142857142
0 0.6183035714285714 0.23660714285714285 0.03125 0.08928571428571427
0 0.7901785714285714 0.21428571428571427 0.026785714285714284 0.09821428571428571
0 0.9732142857142857 0.3482142857142857 0.04464285714285714 0.16964285714285712
0 0.46875 0.40625 0.026785714285714284 0.125
