0 0.578125 0.8325892857142857 0.049107142857142856 0.15625
0 0.7410714285714285 0.7745535714285714 0.0625 0.09375
0 0.890625 0.5870535714285714 0.05803571428571428 0.10267857142857142
0 0.11607142857142856 0.6540178571428571 0.05357142857142857 0.13839285714285712
0 0.29241071428571425 0.6339285714285714 0.040178571428571425 0.0625
0 0.41741071428571425 0.53125 0.05803571428571428 0.08035714285714285
0 0.5691964285714285 0.4665178571428571 0.049107142857142856 0.08482142857142856
0 0.6852678571428571 0.34598214285714285 0.05803571428571428 0.10267857142857142
0 0.78125 0.3013392857142857 0.0625 0.10267857142857142
0 0.9285714285714285 0.27232142857142855 0.0625 0.10714285714285714
0 0.7857142857142857 0.08035714285714285 0.07142857142857142 0.11607142857142856
0 0.5736607142857143 0.10491071428571427 0.07589285714285714 0.07589285714285714
0 0.39732142857142855 0.19419642857142855 0.0625 0.10267857142857142
0 0.2232142857142857 0.22767857142857142 0.07142857142857142 0.11607142857142856
