0 0.8392857142857142 0.6517857142857143 0.017857142857142856 0.08928571428571427
0 0.8861607142857142 0.8571428571428571 0.02232142857142857 0.07142857142857142
0 0.6495535714285714 0.8616071428571428 0.013392857142857142 0.05357142857142857
0 0.6339285714285714 0.6629464285714285 0.017857142857142856 0.07589285714285714
0 0.4665178571428571 0.6540178571428571 0.02232142857142857 0.07589285714285714
0 0.5111607142857143 0.8616071428571428 0.02232142857142857 0.04464285714285714
0 0.28125 0.8616071428571428 0.026785714285714284 0.05357142857142857
0 0.26339285714285715 0.6540178571428571 0.026785714285714284 0.09375
0 0.11607142857142856 0.6741071428571428 0.026785714285714284 0.07142857142857142
0 0.13169642857142858 0.8772321428571428 0.02232142857142857 0.040178571428571425
