0 0.10714285714285714 0.6026785714285714 0.04464285714285714 0.1607142857142857
0 0.18303571428571427 0.5803571428571428 0.04464285714285714 0.16964285714285712
0 0.26785714285714285 0.5915178571428571 0.03571428571428571 0.13839285714285712
0 0.359375 0.5870535714285714 0.049107142857142856 0.14732142857142858
0 0.4352678571428571 0.6004464285714285 0.049107142857142856 0.17410714285714285
0 0.5223214285714285 0.6049107142857143 0.04464285714285714 0.15625
0 0.5892857142857143 0.59375 0.03571428571428571 0.15178571428571427
0 0.6495535714285714 0.5959821428571428 0.040178571428571425 0.14732142857142858
0 0.7321428571428571 0.5870535714285714 0.05357142857142857 0.16517857142857142
0 0.8058035714285714 0.609375 0.040178571428571425 0.13839285714285712
0 0.8660714285714285 0.5915178571428571 0.03571428571428571 0.18303571428571427
