0 0.8504464285714285 0.08928571428571427 0.049107142857142856 0.07142857142857142
0 0.7946428571428571 0.07366071428571429 0.017857142857142856 0.08482142857142856
0 0.8191964285714285 0.07589285714285714 0.013392857142857142 0.08035714285714285
0 0.7410714285714285 0.08258928571428571 0.017857142857142856 0.049107142857142856
0 0.7142857142857142 0.12276785714285714 0.026785714285714284 0.06696428571428571
0 0.6428571428571428 0.06919642857142856 0.03571428571428571 0.05803571428571428
0 0.5736607142857143 0.08258928571428571 0.040178571428571425 0.06696428571428571
0 0.5200892857142857 0.07142857142857142 0.02232142857142857 0.04464285714285714
0 0.49553571428571425 0.08928571428571427 0.017857142857142856 0.04464285714285714
0 0.45535714285714285 0.109375 0.026785714285714284 0.03125
0 0.453125 0.05803571428571428 0.013392857142857142 0.04464285714285714
