0 0.3571428571428571 0.265625 0.04464285714285714 0.06696428571428571
0 0.37723214285714285 0.28794642857142855 0.05803571428571428 0.17410714285714285
0 0.4508928571428571 0.3482142857142857 0.04464285714285714 0.05357142857142857
0 0.4821428571428571 0.24776785714285712 0.03571428571428571 0.07589285714285714
0 0.5334821428571428 0.25223214285714285 0.05803571428571428 0.14732142857142858
0 0.6473214285714285 0.3370535714285714 0.03571428571428571 0.049107142857142856
0 0.6830357142857143 0.2589285714285714 0.026785714285714284 0.08928571428571427
0 0.7254464285714285 0.27901785714285715 0.03125 0.12053571428571427
0 0.7633928571428571 0.27901785714285715 0.026785714285714284 0.09375
0 0.8169642857142857 0.28348214285714285 0.03571428571428571 0.11160714285714285
