0 0.17857142857142855 0.1763392857142857 0.07142857142857142 0.15625
0 0.17857142857142855 0.4196428571428571 0.03571428571428571 0.11607142857142856
0 0.17857142857142855 0.65625 0.07142857142857142 0.11607142857142856
0 0.16964285714285712 0.8616071428571428 0.08035714285714285 0.08928571428571427
0 0.39285714285714285 0.859375 0.0625 0.10267857142857142
0 0.3995535714285714 0.6205357142857143 0.03125 0.13392857142857142
0 0.40178571428571425 0.42410714285714285 0.04464285714285714 0.125
0 0.4107142857142857 0.18080357142857142 0.07142857142857142 0.17410714285714285
0 0.6428571428571428 0.171875 0.07142857142857142 0.15625
0 0.8325892857142857 0.1875 0.040178571428571425 0.10714285714285714
0 0.8303571428571428 0.41741071428571425 0.04464285714285714 0.08482142857142856
0 0.6272321428571428 0.4196428571428571 0.040178571428571425 0.13392857142857142
0 0.6294642857142857 0.6339285714285714 0.03571428571428571 0.14285714285714285
0 0.8415178571428571 0.6205357142857143 0.049107142857142856 0.11607142857142856
0 0.8370535714285714 0.8415178571428571 0.049107142857142856 0.17410714285714285
0 0.6160714285714285 0.8638392857142857 0.07142857142857142 0.08482142857142856
