0 0.8504464285714285 0.08705357142857142 0.049107142857142856 0.06696428571428571
0 0.7946428571428571 0.07366071428571429 0.017857142857142856 0.08482142857142856
0 0.8191964285714285 0.07589285714285714 0.013392857142857142 0.08035714285714285
0 0.7410714285714285 0.08258928571428571 0.017857142857142856 0.049107142857142856
0 0.7120535714285714 0.11383928571428571 0.013392857142857142 0.06696428571428571
0 0.6383928571428571 0.06026785714285714 0.017857142857142856 0.040178571428571425
0 0.5691964285714285 0.08035714285714285 0.03125 0.05357142857142857
0 0.5200892857142857 0.07142857142857142 0.02232142857142857 0.04464285714285714
0 0.49553571428571425 0.08928571428571427 0.017857142857142856 0.04464285714285714
0 0.4508928571428571 0.109375 0.017857142857142856 0.03125
0 0.453125 0.05803571428571428 0.013392857142857142 0.04464285714285714
