0 0.6763392857142857 0.6964285714285714 0.12053571428571427 0.2589285714285714
0 0.25223214285714285 0.6964285714285714 0.10267857142857142 0.23214285714285712
0 0.4419642857142857 0.5491071428571428 0.08035714285714285 0.16964285714285712
0 0.13616071428571427 0.453125 0.07589285714285714 0.20982142857142855
0 0.3169642857142857 0.36607142857142855 0.08035714285714285 0.15178571428571427
0 0.6361607142857143 0.3995535714285714 0.06696428571428571 0.18303571428571427
0 0.9464285714285714 0.5580357142857143 0.08928571428571427 0.24107142857142855
0 0.9709821428571428 0.37053571428571425 0.049107142857142856 0.16964285714285712
0 0.9285714285714285 0.20982142857142855 0.07142857142857142 0.15178571428571427
0 0.7834821428571428 0.27232142857142855 0.10267857142857142 0.17857142857142855
0 0.5357142857142857 0.25669642857142855 0.08928571428571427 0.16517857142857142
0 0.24330357142857142 0.1919642857142857 0.05803571428571428 0.13392857142857142
0 0.05133928571428571 0.3125 0.07589285714285714 0.19642857142857142
0 0.1607142857142857 0.24776785714285712 0.07142857142857142 0.13839285714285712
0 0.4308035714285714 0.234375 0.08482142857142856 0.09375
0 0.6607142857142857 0.265625 0.07142857142857142 0.09375
