0 0.13616071428571427 0.7589285714285714 0.03125 0.0625
0 0.08928571428571427 0.5870535714285714 0.03571428571428571 0.08482142857142856
0 0.02901785714285714 0.44866071428571425 0.03125 0.07589285714285714
0 0.15178571428571427 0.3571428571428571 0.026785714285714284 0.0625
0 0.24330357142857142 0.46875 0.03125 0.05357142857142857
0 0.43973214285714285 0.35491071428571425 0.040178571428571425 0.049107142857142856
0 0.27678571428571425 0.3058035714285714 0.04464285714285714 0.040178571428571425
0 0.08705357142857142 0.328125 0.02232142857142857 0.06696428571428571
0 0.21875 0.23214285714285712 0.026785714285714284 0.04464285714285714
0 0.41741071428571425 0.24107142857142855 0.040178571428571425 0.05357142857142857
0 0.59375 0.21875 0.0625 0.05357142857142857
0 0.08258928571428571 0.24330357142857142 0.03125 0.05803571428571428
0 0.15848214285714285 0.19642857142857142 0.03125 0.05357142857142857
0 0.055803571428571425 0.15401785714285712 0.03125 0.049107142857142856
0 0.04241071428571428 0.10714285714285714 0.03125 0.05357142857142857
0 0.0625 0.05803571428571428 0.026785714285714284 0.05357142857142857
0 0.23214285714285712 0.03571428571428571 0.03571428571428571 0.05357142857142857
0 0.18973214285714285 0.08258928571428571 0.02232142857142857 0.05803571428571428
0 0.421875 0.040178571428571425 0.040178571428571425 0.07142857142857142
0 0.37053571428571425 0.09598214285714285 0.026785714285714284 0.049107142857142856
0 0.30357142857142855 0.125 0.026785714285714284 0.03571428571428571
0 0.3169642857142857 0.1919642857142857 0.026785714285714284 0.03571428571428571
0 0.47098214285714285 0.140625 0.02232142857142857 0.040178571428571425
0 0.5111607142857143 0.09375 0.03125 0.05357142857142857
0 0.7321428571428571 0.06026785714285714 0.03571428571428571 0.049107142857142856
