0 0.8459821428571428 0.65625 0.040178571428571425 0.09821428571428571
0 0.8839285714285714 0.8526785714285714 0.026785714285714284 0.08035714285714285
0 0.6540178571428571 0.8638392857142857 0.02232142857142857 0.049107142857142856
0 0.6316964285714285 0.6584821428571428 0.02232142857142857 0.08482142857142856
0 0.46428571428571425 0.6584821428571428 0.04464285714285714 0.08482142857142856
0 0.5111607142857143 0.8616071428571428 0.02232142857142857 0.04464285714285714
0 0.28125 0.8638392857142857 0.026785714285714284 0.049107142857142856
0 0.26339285714285715 0.6540178571428571 0.026785714285714284 0.09375
0 0.11607142857142856 0.6741071428571428 0.026785714285714284 0.07142857142857142
0 0.13169642857142858 0.8772321428571428 0.02232142857142857 0.040178571428571425
