0 0.020089285714285712 0.48660714285714285 0.02232142857142857 0.08035714285714285
0 0.04464285714285714 0.6160714285714285 0.026785714285714284 0.07142857142857142
0 0.08035714285714285 0.6450892857142857 0.03571428571428571 0.09375
0 0.15401785714285712 0.4888392857142857 0.03125 0.10267857142857142
0 0.15178571428571427 0.640625 0.017857142857142856 0.07589285714285714
0 0.17857142857142855 0.65625 0.026785714285714284 0.08035714285714285
0 0.19642857142857142 0.6004464285714285 0.017857142857142856 0.10267857142857142
0 0.25669642857142855 0.6138392857142857 0.03125 0.13839285714285712
0 0.30357142857142855 0.6183035714285714 0.04464285714285714 0.1919642857142857
0 0.35491071428571425 0.65625 0.02232142857142857 0.10714285714285714
0 0.37723214285714285 0.5959821428571428 0.02232142857142857 0.12053571428571427
0 0.4196428571428571 0.6026785714285714 0.04464285714285714 0.10714285714285714
0 0.453125 0.7120535714285714 0.02232142857142857 0.11160714285714285
0 0.4888392857142857 0.6160714285714285 0.049107142857142856 0.13392857142857142
0 0.5446428571428571 0.625 0.03571428571428571 0.10714285714285714
0 0.59375 0.6071428571428571 0.07142857142857142 0.14285714285714285
0 0.671875 0.6584821428571428 0.02232142857142857 0.09375
0 0.71875 0.6852678571428571 0.017857142857142856 0.10267857142857142
0 0.75 0.703125 0.026785714285714284 0.13839285714285712
0 0.8058035714285714 0.7008928571428571 0.013392857142857142 0.125
0 0.8191964285714285 0.6227678571428571 0.02232142857142857 0.13839285714285712
0 0.8772321428571428 0.7611607142857142 0.03125 0.1919642857142857
0 0.8504464285714285 0.7098214285714285 0.02232142857142857 0.11607142857142856
0 0.9642857142857142 0.7120535714285714 0.05357142857142857 0.15625
