0 0.53125 0.39732142857142855 0.026785714285714284 0.1875
0 0.8973214285714285 0.49107142857142855 0.05357142857142857 0.0625
0 0.75 0.4620535714285714 0.04464285714285714 0.06696428571428571
0 0.6473214285714285 0.5290178571428571 0.04464285714285714 0.05803571428571428
0 0.6763392857142857 0.34375 0.040178571428571425 0.07142857142857142
0 0.7946428571428571 0.421875 0.03571428571428571 0.05803571428571428
0 0.18973214285714285 0.6852678571428571 0.040178571428571425 0.049107142857142856
0 0.12053571428571427 0.546875 0.03571428571428571 0.049107142857142856
0 0.08928571428571427 0.4419642857142857 0.03571428571428571 0.0625
0 0.28348214285714285 0.43303571428571425 0.03125 0.05357142857142857
