0 0.140625 0.5133928571428571 0.05803571428571428 0.08035714285714285
0 0.22544642857142855 0.4821428571428571 0.049107142857142856 0.14285714285714285
0 0.3883928571428571 0.53125 0.0625 0.10714285714285714
0 0.5290178571428571 0.47544642857142855 0.049107142857142856 0.10267857142857142
0 0.5848214285714285 0.5089285714285714 0.03571428571428571 0.04464285714285714
0 0.7522321428571428 0.4040178571428571 0.049107142857142856 0.10267857142857142
0 0.8482142857142857 0.3214285714285714 0.04464285714285714 0.08035714285714285
0 0.7366071428571428 0.26116071428571425 0.04464285714285714 0.08482142857142856
0 0.5870535714285714 0.22098214285714285 0.05803571428571428 0.06696428571428571
0 0.3839285714285714 0.21205357142857142 0.05357142857142857 0.11160714285714285
0 0.13392857142857142 0.22767857142857142 0.0625 0.07142857142857142
