0 0.12276785714285714 0.6674107142857143 0.02232142857142857 0.06696428571428571
0 0.22098214285714285 0.65625 0.02232142857142857 0.08035714285714285
0 0.3370535714285714 0.6629464285714285 0.02232142857142857 0.06696428571428571
0 0.4375 0.6540178571428571 0.026785714285714284 0.09375
0 0.5424107142857143 0.6540178571428571 0.02232142857142857 0.09375
0 0.640625 0.6517857142857143 0.02232142857142857 0.07142857142857142
0 0.7433035714285714 0.6517857142857143 0.02232142857142857 0.08035714285714285
0 0.8616071428571428 0.6517857142857143 0.026785714285714284 0.07142857142857142
0 0.8861607142857142 0.8392857142857142 0.02232142857142857 0.04464285714285714
0 0.65625 0.8482142857142857 0.026785714285714284 0.0625
0 0.5245535714285714 0.8526785714285714 0.02232142857142857 0.04464285714285714
0 0.29464285714285715 0.8504464285714285 0.017857142857142856 0.049107142857142856
0 0.1294642857142857 0.859375 0.017857142857142856 0.049107142857142856
