0 0.9151785714285714 0.4196428571428571 0.0625 0.14285714285714285
0 0.8683035714285714 0.44866071428571425 0.049107142857142856 0.1294642857142857
0 0.7745535714285714 0.42410714285714285 0.049107142857142856 0.15178571428571427
0 0.6830357142857143 0.40178571428571425 0.05357142857142857 0.125
0 0.6049107142857143 0.40848214285714285 0.049107142857142856 0.13839285714285712
0 0.5602678571428571 0.39732142857142855 0.05803571428571428 0.1875
0 0.46875 0.40625 0.05357142857142857 0.10714285714285714
0 0.390625 0.41741071428571425 0.03125 0.13839285714285712
0 0.33482142857142855 0.44866071428571425 0.05357142857142857 0.11160714285714285
0 0.24330357142857142 0.43303571428571425 0.049107142857142856 0.09821428571428571
0 0.16964285714285712 0.45982142857142855 0.05357142857142857 0.08928571428571427
0 0.07366071428571429 0.4263392857142857 0.07589285714285714 0.1294642857142857
