0 0.020089285714285712 0.48660714285714285 0.02232142857142857 0.08035714285714285
0 0.04241071428571428 0.6205357142857143 0.03125 0.08035714285714285
0 0.08258928571428571 0.6517857142857143 0.03125 0.10714285714285714
0 0.15848214285714285 0.49553571428571425 0.049107142857142856 0.09821428571428571
0 0.15178571428571427 0.640625 0.017857142857142856 0.07589285714285714
0 0.1763392857142857 0.6584821428571428 0.03125 0.08482142857142856
0 0.203125 0.6026785714285714 0.03125 0.10714285714285714
0 0.25669642857142855 0.6138392857142857 0.03125 0.13839285714285712
0 0.30357142857142855 0.6183035714285714 0.04464285714285714 0.1919642857142857
0 0.35491071428571425 0.65625 0.02232142857142857 0.10714285714285714
0 0.37723214285714285 0.5959821428571428 0.02232142857142857 0.12053571428571427
0 0.4196428571428571 0.6026785714285714 0.04464285714285714 0.10714285714285714
0 0.453125 0.7120535714285714 0.02232142857142857 0.11160714285714285
0 0.4888392857142857 0.6160714285714285 0.049107142857142856 0.13392857142857142
0 0.5446428571428571 0.625 0.03571428571428571 0.10714285714285714
0 0.59375 0.6071428571428571 0.07142857142857142 0.14285714285714285
0 0.6696428571428571 0.6629464285714285 0.026785714285714284 0.10267857142857142
0 0.71875 0.6852678571428571 0.017857142857142856 0.10267857142857142
0 0.7544642857142857 0.7053571428571428 0.03571428571428571 0.14285714285714285
0 0.8058035714285714 0.7008928571428571 0.013392857142857142 0.125
0 0.8236607142857142 0.6272321428571428 0.049107142857142856 0.15625
0 0.8883928571428571 0.7611607142857142 0.03571428571428571 0.1919642857142857
0 0.8571428571428571 0.7165178571428571 0.03571428571428571 0.1294642857142857
0 0.9642857142857142 0.7120535714285714 0.05357142857142857 0.15625
