0 0.13839285714285712 0.6517857142857143 0.03571428571428571 0.19642857142857142
0 0.2544642857142857 0.7834821428571428 0.03571428571428571 0.16517857142857142
0 0.34375 0.7611607142857142 0.026785714285714284 0.08482142857142856
0 0.42857142857142855 0.8035714285714285 0.04464285714285714 0.14285714285714285
0 0.5580357142857143 0.8013392857142857 0.026785714285714284 0.13839285714285712
0 0.7276785714285714 0.7834821428571428 0.026785714285714284 0.17410714285714285
0 0.84375 0.6540178571428571 0.04464285714285714 0.20982142857142855
0 0.9598214285714285 0.7946428571428571 0.05357142857142857 0.125
0 0.026785714285714284 0.7946428571428571 0.026785714285714284 0.11607142857142856
0 0.020089285714285712 0.5446428571428571 0.02232142857142857 0.0625
0 0.07366071428571429 0.6629464285714285 0.02232142857142857 0.06696428571428571
0 0.203125 0.6160714285714285 0.02232142857142857 0.07142857142857142
0 0.30803571428571425 0.6339285714285714 0.026785714285714284 0.07142857142857142
0 0.4464285714285714 0.5959821428571428 0.017857142857142856 0.09375
0 0.5379464285714285 0.5825892857142857 0.03125 0.09375
0 0.609375 0.53125 0.03125 0.07142857142857142
0 0.671875 0.6272321428571428 0.02232142857142857 0.05803571428571428
0 0.78125 0.609375 0.026785714285714284 0.06696428571428571
0 0.9129464285714285 0.65625 0.02232142857142857 0.07142857142857142
0 0.96875 0.5334821428571428 0.026785714285714284 0.06696428571428571
0 0.8816964285714285 0.5066964285714285 0.013392857142857142 0.040178571428571425
0 0.7633928571428571 0.5 0.017857142857142856 0.03571428571428571
0 0.7075892857142857 0.5223214285714285 0.03125 0.0625
0 0.5602678571428571 0.5 0.02232142857142857 0.04464285714285714
0 0.49107142857142855 0.5200892857142857 0.017857142857142856 0.049107142857142856
0 0.421875 0.5022321428571428 0.013392857142857142 0.02232142857142857
0 0.375 0.5424107142857143 0.026785714285714284 0.05803571428571428
0 0.28125 0.5267857142857143 0.026785714285714284 0.04464285714285714
0 0.21875 0.5089285714285714 0.017857142857142856 0.03571428571428571
0 0.10491071428571427 0.5178571428571428 0.03125 0.03571428571428571
