0 0.5334821428571428 0.46875 0.07589285714285714 0.16964285714285712
0 0.6026785714285714 0.40848214285714285 0.0625 0.12053571428571427
0 0.5758928571428571 0.28794642857142855 0.09821428571428571 0.12053571428571427
0 0.04464285714285714 0.359375 0.08035714285714285 0.11160714285714285
0 0.013392857142857142 0.20089285714285712 0.026785714285714284 0.125
0 0.31919642857142855 0.13839285714285712 0.10267857142857142 0.11607142857142856
0 0.8772321428571428 0.16517857142857142 0.10267857142857142 0.13392857142857142
0 0.7053571428571428 0.078125 0.10714285714285714 0.12053571428571427
0 0.5446428571428571 0.10267857142857142 0.11607142857142856 0.10714285714285714
0 0.4352678571428571 0.14285714285714285 0.09375 0.10714285714285714
0 0.1294642857142857 0.06473214285714285 0.11607142857142856 0.12053571428571427
