0 0.34151785714285715 0.5825892857142857 0.040178571428571425 0.05803571428571428
0 0.5513392857142857 0.6138392857142857 0.040178571428571425 0.05803571428571428
0 0.7991071428571428 0.5558035714285714 0.03571428571428571 0.07589285714285714
0 0.08258928571428571 0.5602678571428571 0.040178571428571425 0.05803571428571428
0 0.11607142857142856 0.515625 0.03571428571428571 0.06696428571428571
0 0.5379464285714285 0.5513392857142857 0.049107142857142856 0.06696428571428571
0 0.7321428571428571 0.5334821428571428 0.03571428571428571 0.05803571428571428
0 0.5647321428571428 0.5245535714285714 0.049107142857142856 0.05803571428571428
0 0.3571428571428571 0.4575892857142857 0.04464285714285714 0.08482142857142856
0 0.1763392857142857 0.47991071428571425 0.049107142857142856 0.07589285714285714
