0 0.5111607142857143 0.6495535714285714 0.040178571428571425 0.15625
0 0.7254464285714285 0.5022321428571428 0.06696428571428571 0.15625
0 0.296875 0.5558035714285714 0.05803571428571428 0.14732142857142858
0 0.16964285714285712 0.4419642857142857 0.05357142857142857 0.13392857142857142
0 0.5223214285714285 0.4464285714285714 0.05357142857142857 0.11607142857142856
0 0.8169642857142857 0.4352678571428571 0.05357142857142857 0.11160714285714285
0 0.8794642857142857 0.4040178571428571 0.05357142857142857 0.08482142857142856
0 0.9464285714285714 0.3482142857142857 0.0625 0.08928571428571427
0 0.96875 0.31026785714285715 0.05357142857142857 0.11160714285714285
0 0.75 0.3526785714285714 0.08035714285714285 0.11607142857142856
0 0.6138392857142857 0.38169642857142855 0.05803571428571428 0.11160714285714285
0 0.5669642857142857 0.33035714285714285 0.04464285714285714 0.08928571428571427
0 0.484375 0.33928571428571425 0.06696428571428571 0.11607142857142856
0 0.36160714285714285 0.33035714285714285 0.04464285714285714 0.10714285714285714
0 0.33928571428571425 0.39285714285714285 0.05357142857142857 0.10714285714285714
0 0.22544642857142855 0.36160714285714285 0.05803571428571428 0.10714285714285714
0 0.14285714285714285 0.31473214285714285 0.07142857142857142 0.09375
0 0.078125 0.3950892857142857 0.040178571428571425 0.10267857142857142
0 0.006696428571428571 0.35491071428571425 0.013392857142857142 0.10267857142857142
