0 0.2857142857142857 0.6473214285714285 0.03571428571428571 0.0625
0 0.38169642857142855 0.6941964285714285 0.049107142857142856 0.05803571428571428
0 0.5267857142857143 0.5915178571428571 0.017857142857142856 0.07589285714285714
0 0.1450892857142857 0.5290178571428571 0.040178571428571425 0.07589285714285714
0 0.25 0.4665178571428571 0.04464285714285714 0.05803571428571428
0 0.36160714285714285 0.453125 0.04464285714285714 0.049107142857142856
0 0.4196428571428571 0.5 0.0625 0.05357142857142857
0 0.453125 0.4308035714285714 0.040178571428571425 0.06696428571428571
0 0.5379464285714285 0.3950892857142857 0.05803571428571428 0.07589285714285714
0 0.6116071428571428 0.34598214285714285 0.05357142857142857 0.06696428571428571
0 0.6316964285714285 0.46875 0.049107142857142856 0.08928571428571427
0 0.8191964285714285 0.375 0.049107142857142856 0.08035714285714285
0 0.7879464285714285 0.5625 0.049107142857142856 0.07142857142857142
0 0.9017857142857142 0.49107142857142855 0.04464285714285714 0.0625
0 0.8258928571428571 0.546875 0.04464285714285714 0.08482142857142856
0 0.8370535714285714 0.44419642857142855 0.040178571428571425 0.09375
