0 0.3526785714285714 0.4464285714285714 0.07142857142857142 0.20535714285714285
0 0.5691964285714285 0.19419642857142855 0.06696428571428571 0.12053571428571427
0 0.71875 0.15401785714285712 0.0625 0.08482142857142856
0 0.8549107142857142 0.07142857142857142 0.08482142857142856 0.14285714285714285
0 0.6205357142857143 0.06473214285714285 0.09821428571428571 0.1294642857142857
0 0.5200892857142857 0.09375 0.049107142857142856 0.08035714285714285
0 0.4464285714285714 0.06919642857142856 0.04464285714285714 0.07589285714285714
0 0.3370535714285714 0.12276785714285714 0.05803571428571428 0.10267857142857142
0 0.25 0.078125 0.05357142857142857 0.09375
0 0.15848214285714285 0.04241071428571428 0.08482142857142856 0.08482142857142856
0 0.08705357142857142 0.109375 0.05803571428571428 0.09375
0 0.011160714285714284 0.078125 0.02232142857142857 0.08482142857142856
