0 0.28125 0.6540178571428571 0.04464285714285714 0.07589285714285714
0 0.37053571428571425 0.6986607142857143 0.07142857142857142 0.06696428571428571
0 0.5178571428571428 0.6071428571428571 0.05357142857142857 0.08035714285714285
0 0.14955357142857142 0.5334821428571428 0.03125 0.06696428571428571
0 0.25223214285714285 0.46428571428571425 0.049107142857142856 0.05357142857142857
0 0.3571428571428571 0.4575892857142857 0.05357142857142857 0.05803571428571428
0 0.4151785714285714 0.5022321428571428 0.07142857142857142 0.05803571428571428
0 0.4508928571428571 0.42410714285714285 0.04464285714285714 0.08035714285714285
0 0.5379464285714285 0.3950892857142857 0.05803571428571428 0.07589285714285714
0 0.6138392857142857 0.34598214285714285 0.06696428571428571 0.07589285714285714
0 0.6272321428571428 0.46875 0.05803571428571428 0.09821428571428571
0 0.8169642857142857 0.37723214285714285 0.0625 0.08482142857142856
0 0.7879464285714285 0.5625 0.049107142857142856 0.07142857142857142
0 0.9017857142857142 0.49107142857142855 0.04464285714285714 0.0625
0 0.8258928571428571 0.546875 0.04464285714285714 0.08482142857142856
0 0.8392857142857142 0.453125 0.05357142857142857 0.10267857142857142
