0 0.05357142857142857 0.2745535714285714 0.05357142857142857 0.15625
0 0.125 0.24776785714285712 0.04464285714285714 0.13839285714285712
0 0.2232142857142857 0.25223214285714285 0.05357142857142857 0.20089285714285712
0 0.3214285714285714 0.27232142857142855 0.05357142857142857 0.15178571428571427
0 0.4151785714285714 0.28125 0.04464285714285714 0.125
0 0.4665178571428571 0.3169642857142857 0.040178571428571425 0.15178571428571427
0 0.5491071428571428 0.3482142857142857 0.04464285714285714 0.07142857142857142
0 0.5803571428571428 0.25223214285714285 0.04464285714285714 0.16517857142857142
0 0.6852678571428571 0.31026785714285715 0.049107142857142856 0.11160714285714285
0 0.7700892857142857 0.26339285714285715 0.05803571428571428 0.24107142857142855
0 0.8459821428571428 0.31919642857142855 0.040178571428571425 0.08482142857142856
0 0.9642857142857142 0.28348214285714285 0.0625 0.18303571428571427
