0 0.046875 0.6852678571428571 0.03125 0.15625
0 0.27901785714285715 0.703125 0.049107142857142856 0.16517857142857142
0 0.5691964285714285 0.703125 0.049107142857142856 0.1919642857142857
0 0.9151785714285714 0.7232142857142857 0.05357142857142857 0.15178571428571427
0 0.8058035714285714 0.5535714285714285 0.049107142857142856 0.125
0 0.703125 0.375 0.03125 0.13392857142857142
0 0.5066964285714285 0.5290178571428571 0.049107142857142856 0.17410714285714285
0 0.27232142857142855 0.5334821428571428 0.017857142857142856 0.13839285714285712
0 0.05803571428571428 0.53125 0.03571428571428571 0.10714285714285714
0 0.08258928571428571 0.421875 0.03125 0.12053571428571427
0 0.28125 0.3013392857142857 0.03571428571428571 0.09375
0 0.4375 0.24776785714285712 0.03571428571428571 0.10267857142857142
0 0.6227678571428571 0.2388392857142857 0.040178571428571425 0.09375
0 0.7946428571428571 0.21875 0.04464285714285714 0.10714285714285714
0 0.9709821428571428 0.3526785714285714 0.049107142857142856 0.1607142857142857
0 0.46875 0.40625 0.026785714285714284 0.125
