0 0.18526785714285712 0.6383928571428571 0.05803571428571428 0.10714285714285714
0 0.53125 0.8214285714285714 0.03571428571428571 0.13392857142857142
0 0.890625 0.96875 0.05803571428571428 0.05357142857142857
0 0.7165178571428571 0.5736607142857143 0.040178571428571425 0.1294642857142857
0 0.3370535714285714 0.4196428571428571 0.03125 0.08928571428571427
0 0.13392857142857142 0.14955357142857142 0.04464285714285714 0.09375
0 0.35491071428571425 0.11160714285714285 0.040178571428571425 0.11607142857142856
0 0.6049107142857143 0.26785714285714285 0.049107142857142856 0.11607142857142856
0 0.9084821428571428 0.36607142857142855 0.03125 0.10714285714285714
0 0.9285714285714285 0.140625 0.05357142857142857 0.12053571428571427
0 0.7053571428571428 0.09821428571428571 0.05357142857142857 0.09821428571428571
