0 0.453125 0.11383928571428571 0.1294642857142857 0.16517857142857142
0 0.4308035714285714 0.47991071428571425 0.049107142857142856 0.13839285714285712
0 0.42857142857142855 0.703125 0.04464285714285714 0.16517857142857142
0 0.5736607142857143 0.7433035714285714 0.03125 0.13839285714285712
0 0.5669642857142857 0.515625 0.05357142857142857 0.14732142857142858
0 0.6808035714285714 0.7745535714285714 0.040178571428571425 0.12053571428571427
0 0.6919642857142857 0.9553571428571428 0.026785714285714284 0.08035714285714285
0 0.4308035714285714 0.9107142857142857 0.03125 0.08928571428571427
0 0.16517857142857142 0.8839285714285714 0.04464285714285714 0.08035714285714285
0 0.7857142857142857 0.8236607142857142 0.017857142857142856 0.12053571428571427
