0 0.5066964285714285 0.46875 0.13839285714285712 0.09821428571428571
0 0.30357142857142855 0.42410714285714285 0.10714285714285714 0.09821428571428571
0 0.6540178571428571 0.47991071428571425 0.15625 0.39732142857142855
0 0.5558035714285714 0.7834821428571428 0.24553571428571427 0.20089285714285712
0 0.17410714285714285 0.31473214285714285 0.08928571428571427 0.08482142857142856
1 0.40625 0.18526785714285712 0.3482142857142857 0.37053571428571425
1 0.7767857142857142 0.13839285714285712 0.39285714285714285 0.27678571428571425
1 0.8169642857142857 0.47991071428571425 0.1607142857142857 0.39732142857142855
1 0.46875 0.39732142857142855 0.2232142857142857 0.04464285714285714
1 0.39732142857142855 0.5044642857142857 0.08035714285714285 0.15178571428571427
