0 0.22544642857142855 0.5290178571428571 0.18303571428571427 0.24553571428571427
0 0.75 0.5357142857142857 0.2232142857142857 0.3571428571428571
0 0.9196428571428571 0.8995535714285714 0.14285714285714285 0.1919642857142857
0 0.47544642857142855 0.16517857142857142 0.06696428571428571 0.15178571428571427
1 0.22098214285714285 0.203125 0.4419642857142857 0.40625
1 0.5669642857142857 0.04241071428571428 0.24107142857142855 0.08482142857142856
1 0.5982142857142857 0.16517857142857142 0.1875 0.15178571428571427
1 0.5111607142857143 0.33928571428571425 0.13839285714285712 0.20535714285714285
1 0.38169642857142855 0.46428571428571425 0.12053571428571427 0.10714285714285714
1 0.06696428571428571 0.484375 0.13392857142857142 0.15625
