0 0.640625 0.7544642857142857 0.39732142857142855 0.3482142857142857
0 0.7165178571428571 0.26785714285714285 0.5580357142857143 0.2857142857142857
0 0.6049107142857143 0.5 0.49553571428571425 0.16964285714285712
0 0.9196428571428571 0.0625 0.15178571428571427 0.125
0 0.13392857142857142 0.35044642857142855 0.26785714285714285 0.26339285714285715
1 0.3482142857142857 0.31473214285714285 0.16964285714285712 0.20089285714285712
1 0.21875 0.109375 0.4375 0.21875
1 0.6428571428571428 0.0625 0.4107142857142857 0.125
1 0.17857142857142855 0.7388392857142857 0.3571428571428571 0.5133928571428571
1 0.9241071428571428 0.6763392857142857 0.14285714285714285 0.5223214285714285
