0 0.5022321428571428 0.3950892857142857 0.20089285714285712 0.1294642857142857
0 0.09151785714285714 0.40178571428571425 0.09375 0.125
0 0.19866071428571427 0.1763392857142857 0.09375 0.06696428571428571
1 0.6205357142857143 0.16517857142857142 0.75 0.33035714285714285
1 0.26785714285714285 0.4665178571428571 0.2589285714285714 0.26339285714285715
1 0.12276785714285714 0.2700892857142857 0.24553571428571427 0.1294642857142857
1 0.07589285714285714 0.10267857142857142 0.15178571428571427 0.20535714285714285
1 0.19866071428571427 0.07142857142857142 0.09375 0.14285714285714285
1 0.6986607142857143 0.6450892857142857 0.59375 0.37053571428571425
1 0.7991071428571428 0.39732142857142855 0.39285714285714285 0.125
