0 0.5089285714285714 0.4977678571428571 0.05357142857142857 0.17410714285714285
0 0.4575892857142857 0.65625 0.06696428571428571 0.125
0 0.3883928571428571 0.7767857142857142 0.07142857142857142 0.09821428571428571
0 0.30357142857142855 0.8883928571428571 0.09821428571428571 0.10714285714285714
0 0.22991071428571427 0.9665178571428571 0.05803571428571428 0.040178571428571425
1 0.09821428571428571 0.9665178571428571 0.19642857142857142 0.040178571428571425
1 0.12723214285714285 0.8839285714285714 0.2544642857142857 0.10714285714285714
1 0.1763392857142857 0.7834821428571428 0.3526785714285714 0.10267857142857142
1 0.21205357142857142 0.6584821428571428 0.42410714285714285 0.13839285714285712
1 0.24107142857142855 0.5 0.4821428571428571 0.17857142857142855
1 0.29910714285714285 0.24776785714285712 0.5982142857142857 0.32589285714285715
