0 0.10491071428571427 0.703125 0.20982142857142855 0.14732142857142858
0 0.45982142857142855 0.546875 0.33035714285714285 0.16517857142857142
0 0.7276785714285714 0.34151785714285715 0.1875 0.22767857142857142
0 0.9709821428571428 0.18526785714285712 0.049107142857142856 0.10267857142857142
1 0.3169642857142857 0.23214285714285712 0.6339285714285714 0.46428571428571425
1 0.7901785714285714 0.11160714285714285 0.3125 0.2232142857142857
1 0.34375 0.8816964285714285 0.6875 0.21875
1 0.5625 0.7008928571428571 0.7053571428571428 0.14285714285714285
1 0.14732142857142858 0.5513392857142857 0.29464285714285715 0.16517857142857142
1 0.7767857142857142 0.5424107142857143 0.30357142857142855 0.17410714285714285
