0 0.17857142857142855 0.41294642857142855 0.17857142857142855 0.17410714285714285
0 0.06696428571428571 0.13839285714285712 0.125 0.08035714285714285
0 0.3794642857142857 0.055803571428571425 0.20535714285714285 0.11160714285714285
0 0.7991071428571428 0.10714285714285714 0.10714285714285714 0.09821428571428571
0 0.3995535714285714 0.49107142857142855 0.12053571428571427 0.30357142857142855
0 0.6227678571428571 0.3683035714285714 0.1919642857142857 0.24553571428571427
0 0.8705357142857142 0.5089285714285714 0.25 0.21428571428571427
0 0.6205357142857143 0.6986607142857143 0.0625 0.08482142857142856
0 0.7879464285714285 0.7098214285714285 0.09375 0.03571428571428571
1 0.6116071428571428 0.0625 0.2589285714285714 0.125
