0 0.13839285714285712 0.8169642857142857 0.27678571428571425 0.21428571428571427
0 0.3683035714285714 0.9553571428571428 0.30803571428571425 0.07142857142857142
0 0.578125 0.8191964285714285 0.21875 0.20982142857142855
0 0.8772321428571428 0.6160714285714285 0.23660714285714285 0.20535714285714285
0 0.8102678571428571 0.35044642857142855 0.09375 0.16517857142857142
0 0.5200892857142857 0.6004464285714285 0.20089285714285712 0.22767857142857142
0 0.15848214285714285 0.5736607142857143 0.15625 0.13839285714285712
1 0.38169642857142855 0.21205357142857142 0.7633928571428571 0.42410714285714285
1 0.8816964285714285 0.13392857142857142 0.22767857142857142 0.26785714285714285
1 0.9263392857142857 0.3638392857142857 0.13839285714285712 0.1919642857142857
