0 0.7299107142857142 0.43973214285714285 0.12053571428571427 0.21875
0 0.3883928571428571 0.44866071428571425 0.14285714285714285 0.23660714285714285
0 0.5758928571428571 0.15178571428571427 0.08035714285714285 0.15178571428571427
1 0.15848214285714285 0.4375 0.3169642857142857 0.6071428571428571
1 0.4263392857142857 0.16294642857142858 0.21875 0.32589285714285715
1 0.765625 0.03794642857142857 0.45982142857142855 0.07589285714285714
1 0.8058035714285714 0.2075892857142857 0.3794642857142857 0.2544642857142857
1 0.5647321428571428 0.6540178571428571 0.20982142857142855 0.65625
1 0.8928571428571428 0.5379464285714285 0.20535714285714285 0.40625
1 0.3883928571428571 0.7790178571428571 0.15178571428571427 0.43303571428571425
