0 0.171875 0.8370535714285714 0.34375 0.3169642857142857
0 0.5401785714285714 0.7611607142857142 0.3839285714285714 0.14732142857142858
0 0.9330357142857142 0.8348214285714285 0.125 0.1875
0 0.96875 0.4821428571428571 0.05357142857142857 0.0625
0 0.8258928571428571 0.24330357142857142 0.04464285714285714 0.06696428571428571
0 0.7410714285714285 0.34151785714285715 0.0625 0.06696428571428571
0 0.6941964285714285 0.5290178571428571 0.05803571428571428 0.05803571428571428
0 0.9776785714285714 0.6004464285714285 0.03571428571428571 0.07589285714285714
1 0.4107142857142857 0.4776785714285714 0.5089285714285714 0.40178571428571425
1 0.38616071428571425 0.14732142857142858 0.20982142857142855 0.14285714285714285
1 0.8660714285714285 0.10267857142857142 0.2589285714285714 0.20535714285714285
1 0.9598214285714285 0.33035714285714285 0.07142857142857142 0.24107142857142855
