0 0.8125 0.8370535714285714 0.07142857142857142 0.05803571428571428
0 0.7790178571428571 0.5691964285714285 0.07589285714285714 0.06696428571428571
0 0.328125 0.8950892857142857 0.13839285714285712 0.12053571428571427
0 0.03571428571428571 0.6808035714285714 0.07142857142857142 0.11160714285714285
0 0.5424107142857143 0.06919642857142856 0.16517857142857142 0.13839285714285712
1 0.7142857142857142 0.8504464285714285 0.26785714285714285 0.28125
1 0.11383928571428571 0.8549107142857142 0.22767857142857142 0.23660714285714285
1 0.4263392857142857 0.5089285714285714 0.29910714285714285 0.2857142857142857
1 0.8169642857142857 0.171875 0.33035714285714285 0.34375
1 0.21875 0.15848214285714285 0.4375 0.3169642857142857
