0 0.6450892857142857 0.39285714285714285 0.4151785714285714 0.3214285714285714
0 0.671875 0.765625 0.20089285714285712 0.4151785714285714
0 0.31919642857142855 0.11383928571428571 0.17410714285714285 0.22767857142857142
0 0.13169642857142858 0.24776785714285712 0.16517857142857142 0.21875
0 0.8125 0.171875 0.17857142857142855 0.1294642857142857
1 0.5647321428571428 0.11607142857142856 0.3169642857142857 0.23214285714285712
1 0.8839285714285714 0.7767857142857142 0.2232142857142857 0.4375
1 0.9241071428571428 0.3950892857142857 0.14285714285714285 0.32589285714285715
1 0.859375 0.05357142857142857 0.27232142857142855 0.10714285714285714
1 0.9486607142857142 0.171875 0.09375 0.1294642857142857
