0 0.2857142857142857 0.2388392857142857 0.24107142857142855 0.09375
0 0.5334821428571428 0.14955357142857142 0.23660714285714285 0.06696428571428571
0 0.8214285714285714 0.09151785714285714 0.3482142857142857 0.05803571428571428
0 0.14732142857142858 0.40625 0.125 0.10714285714285714
0 0.30803571428571425 0.5334821428571428 0.1607142857142857 0.1294642857142857
0 0.4665178571428571 0.6808035714285714 0.15625 0.13839285714285712
0 0.6116071428571428 0.8102678571428571 0.10714285714285714 0.10267857142857142
0 0.7544642857142857 0.9308035714285714 0.15178571428571427 0.11160714285714285
1 0.3370535714285714 0.9352678571428571 0.6741071428571428 0.12053571428571427
1 0.27901785714285715 0.8125 0.5580357142857143 0.10714285714285714
1 0.19419642857142855 0.6785714285714285 0.3883928571428571 0.15178571428571427
1 0.11160714285714285 0.5357142857142857 0.2232142857142857 0.13392857142857142
1 0.08258928571428571 0.1450892857142857 0.16517857142857142 0.2901785714285714
1 0.28794642857142855 0.09375 0.24553571428571427 0.1875
1 0.5357142857142857 0.05803571428571428 0.23214285714285712 0.11607142857142856
1 0.8236607142857142 0.03125 0.34375 0.0625
