0 0.13169642857142858 0.8102678571428571 0.049107142857142856 0.21875
0 0.29241071428571425 0.8058035714285714 0.040178571428571425 0.20982142857142855
0 0.4508928571428571 0.7991071428571428 0.03571428571428571 0.16964285714285712
0 0.6138392857142857 0.8013392857142857 0.040178571428571425 0.18303571428571427
0 0.7410714285714285 0.8258928571428571 0.0625 0.08928571428571427
0 0.890625 0.8147321428571428 0.05803571428571428 0.10267857142857142
0 0.8526785714285714 0.49107142857142855 0.07142857142857142 0.1607142857142857
0 0.7388392857142857 0.5066964285714285 0.06696428571428571 0.14732142857142858
0 0.59375 0.4977678571428571 0.07142857142857142 0.1294642857142857
0 0.4575892857142857 0.5044642857142857 0.05803571428571428 0.14285714285714285
0 0.296875 0.49107142857142855 0.12053571428571427 0.17857142857142855
0 0.13392857142857142 0.46875 0.08928571428571427 0.20535714285714285
0 0.13839285714285712 0.19866071428571427 0.05357142857142857 0.17410714285714285
0 0.27678571428571425 0.19419642857142855 0.03571428571428571 0.18303571428571427
0 0.4263392857142857 0.1919642857142857 0.049107142857142856 0.17857142857142855
0 0.5736607142857143 0.18973214285714285 0.040178571428571425 0.18303571428571427
0 0.7232142857142857 0.18303571428571427 0.04464285714285714 0.19642857142857142
0 0.8660714285714285 0.18526785714285712 0.04464285714285714 0.1919642857142857
