0 0.11383928571428571 0.13616071428571427 0.049107142857142856 0.040178571428571425
0 0.10044642857142856 0.328125 0.05803571428571428 0.040178571428571425
0 0.09375 0.5446428571428571 0.0625 0.1607142857142857
0 0.10044642857142856 0.8370535714285714 0.049107142857142856 0.16517857142857142
0 0.28348214285714285 0.8370535714285714 0.06696428571428571 0.16517857142857142
0 0.2700892857142857 0.5513392857142857 0.040178571428571425 0.18303571428571427
0 0.27678571428571425 0.328125 0.05357142857142857 0.07589285714285714
0 0.27232142857142855 0.1294642857142857 0.04464285714285714 0.0625
0 0.45982142857142855 0.11383928571428571 0.05357142857142857 0.06696428571428571
0 0.6272321428571428 0.11383928571428571 0.06696428571428571 0.05803571428571428
0 0.84375 0.11383928571428571 0.08035714285714285 0.06696428571428571
0 0.8415178571428571 0.3125 0.040178571428571425 0.09821428571428571
0 0.6495535714285714 0.3125 0.049107142857142856 0.08035714285714285
0 0.4620535714285714 0.32366071428571425 0.049107142857142856 0.06696428571428571
0 0.4575892857142857 0.5513392857142857 0.06696428571428571 0.18303571428571427
0 0.6495535714285714 0.5491071428571428 0.049107142857142856 0.17857142857142855
0 0.8526785714285714 0.5379464285714285 0.08035714285714285 0.16517857142857142
0 0.65625 0.8348214285714285 0.0625 0.17857142857142855
0 0.45535714285714285 0.8549107142857142 0.0625 0.13839285714285712
0 0.859375 0.828125 0.06696428571428571 0.17410714285714285
