0 0.11830357142857142 0.09821428571428571 0.05803571428571428 0.08928571428571427
0 0.3169642857142857 0.10491071428571427 0.0625 0.05803571428571428
0 0.5111607142857143 0.08928571428571427 0.06696428571428571 0.08035714285714285
0 0.6919642857142857 0.08258928571428571 0.0625 0.07589285714285714
0 0.8549107142857142 0.109375 0.07589285714285714 0.05803571428571428
0 0.8638392857142857 0.36160714285714285 0.05803571428571428 0.08035714285714285
0 0.7008928571428571 0.3638392857142857 0.07142857142857142 0.10267857142857142
0 0.5111607142857143 0.36160714285714285 0.06696428571428571 0.11607142857142856
0 0.31919642857142855 0.35491071428571425 0.05803571428571428 0.12053571428571427
0 0.12053571428571427 0.3526785714285714 0.04464285714285714 0.14285714285714285
0 0.12723214285714285 0.625 0.05803571428571428 0.08928571428571427
0 0.31473214285714285 0.640625 0.06696428571428571 0.05803571428571428
0 0.5089285714285714 0.6183035714285714 0.07142857142857142 0.08482142857142856
0 0.6897321428571428 0.6138392857142857 0.049107142857142856 0.08482142857142856
0 0.8816964285714285 0.5982142857142857 0.040178571428571425 0.11607142857142856
0 0.8928571428571428 0.8616071428571428 0.05357142857142857 0.09821428571428571
0 0.5200892857142857 0.8549107142857142 0.06696428571428571 0.10267857142857142
0 0.7098214285714285 0.8504464285714285 0.07142857142857142 0.09375
0 0.3214285714285714 0.8660714285714285 0.0625 0.08928571428571427
0 0.11383928571428571 0.8660714285714285 0.05803571428571428 0.10714285714285714
