1 0.8303571428571428 0.10491071428571427 0.33035714285714285 0.20982142857142855
1 0.39732142857142855 0.05803571428571428 0.11607142857142856 0.11607142857142856
1 0.16964285714285712 0.10714285714285714 0.33928571428571425 0.21428571428571427
0 0.4977678571428571 0.30357142857142855 0.9955357142857142 0.19642857142857142
0 0.5178571428571428 0.10267857142857142 0.25 0.20535714285714285
0 0.4977678571428571 0.7790178571428571 0.9955357142857142 0.39732142857142855
1 0.3214285714285714 0.7901785714285714 0.15178571428571427 0.14285714285714285
1 0.7209821428571428 0.7455357142857142 0.09375 0.07142857142857142
1 0.8995535714285714 0.7723214285714285 0.05803571428571428 0.05357142857142857
1 0.04464285714285714 0.7544642857142857 0.08928571428571427 0.10714285714285714
